2143862.0 15790203.0 2350067.0 17360321.0 3485708.0 847782.0 10242832.0 793627.0 8718208.0 1480610.0 316890.0 3664030.0 324879.0 3293236.0 654979.0 9063.0 44671.0 9531.0 60663.0 10034.0 81956.0 953757.0 76251.0 877738.0 146533.0 36870.0 288448.0 38760.0 258041.0 64102.0
2080773.0 14261978.0 2152871.0 16070495.0 1819958.0 829263.0 9699649.0 714848.0 8270055.0 742020.0 309789.0 3429275.0 288567.0 3086499.0 287632.0 8902.0 37698.0 8665.0 58252.0 7532.0 81442.0 907413.0 69277.0 833005.0 69573.0 36578.0 264030.0 36307.0 238828.0 31359.0
2087044.0 14244696.0 1978467.0 15983116.0 1842287.0 832144.0 9701715.0 691337.0 8214222.0 741762.0 311020.0 3428595.0 278025.0 3066916.0 287390.0 8848.0 36654.0 8191.0 58519.0 7566.0 81601.0 907524.0 67083.0 827759.0 69517.0 36646.0 263947.0 34784.0 237625.0 31408.0
2147984.0 14287365.0 2102115.0 16061052.0 1830848.0 833757.0 9705629.0 706018.0 8273636.0 742271.0 312547.0 3432890.0 283183.0 3088752.0 287211.0 9026.0 36116.0 8668.0 58877.0 7670.0 81938.0 907579.0 68193.0 834334.0 69644.0 36811.0 264851.0 35480.0 239522.0 31369.0
2084932.0 14235504.0 1971973.0 16031920.0 1831778.0 830176.0 9682851.0 692565.0 8252663.0 740208.0 310508.0 3427750.0 278431.0 3077195.0 286541.0 8899.0 36098.0 8192.0 57713.0 7718.0 81421.0 907115.0 67221.0 830811.0 69363.0 36600.0 262194.0 34737.0 239100.0 31363.0
2078041.0 14204109.0 1977562.0 16002294.0 1896336.0 829536.0 9690462.0 693163.0 8272953.0 751653.0 310182.0 3424502.0 278654.0 3085914.0 291752.0 9092.0 36411.0 8407.0 58498.0 7702.0 81418.0 906540.0 67187.0 832741.0 70506.0 36433.0 263564.0 34762.0 239904.0 32011.0
2143627.0 14287884.0 2062072.0 16369575.0 1823837.0 838497.0 9698276.0 700352.0 8363259.0 743769.0 314211.0 3429257.0 281447.0 3116722.0 288249.0 9186.0 36181.0 8403.0 58330.0 7640.0 82387.0 907282.0 67945.0 841744.0 69836.0 37186.0 264623.0 35469.0 246453.0 31412.0
2086277.0 14285753.0 2041111.0 15875684.0 1817655.0 831515.0 9696904.0 703742.0 8303105.0 740618.0 310772.0 3428709.0 282528.0 3095461.0 286891.0 8981.0 36548.0 8442.0 56697.0 7483.0 81586.0 907133.0 67822.0 836293.0 69361.0 36501.0 264418.0 35745.0 239585.0 31368.0
2083365.0 14215358.0 1980808.0 15902942.0 1825056.0 830659.0 9696072.0 692889.0 8347475.0 742601.0 310746.0 3426785.0 278974.0 3110573.0 287577.0 8979.0 36971.0 8022.0 57390.0 7643.0 81443.0 906748.0 67372.0 840975.0 69659.0 36590.0 263981.0 34687.0 240056.0 31354.0
2082851.0 14223124.0 2129479.0 15949382.0 1836385.0 830317.0 9688149.0 712765.0 8334963.0 741327.0 310584.0 3427452.0 287213.0 3108061.0 286630.0 8934.0 36003.0 8571.0 57985.0 7613.0 81464.0 906759.0 68798.0 839756.0 69483.0 36618.0 263384.0 35915.0 240425.0 31415.0
2115007.0 14271653.0 2047988.0 16101203.0 1820311.0 832431.0 9698839.0 699597.0 8348482.0 741123.0 311728.0 3429702.0 281880.0 3109088.0 286865.0 9026.0 35789.0 8578.0 58329.0 7593.0 81688.0 907340.0 67929.0 840091.0 69484.0 36866.0 264231.0 35066.0 242163.0 31287.0
2075709.0 14292390.0 2094791.0 16824568.0 1815896.0 829193.0 9709883.0 696570.0 8405009.0 740968.0 309943.0 3432564.0 280785.0 3124467.0 286836.0 8883.0 36302.0 8346.0 59718.0 7584.0 81405.0 907286.0 67565.0 842354.0 69464.0 36511.0 265374.0 35028.0 256513.0 31337.0
2086077.0 14241546.0 1974473.0 16591989.0 1824750.0 831053.0 9707160.0 693864.0 8416222.0 741953.0 310717.0 3430173.0 279020.0 3131330.0 287376.0 9136.0 36341.0 7859.0 60804.0 7567.0 81625.0 907079.0 67326.0 845021.0 69497.0 36524.0 265639.0 34803.0 250450.0 31294.0
2159013.0 14225824.0 1973723.0 17014916.0 1819774.0 833420.0 9693721.0 691845.0 8434872.0 740974.0 312242.0 3426704.0 278392.0 3140649.0 286804.0 9155.0 36267.0 8161.0 61259.0 7535.0 81774.0 907012.0 67158.0 845824.0 69472.0 37000.0 263754.0 34702.0 253967.0 31319.0
2074098.0 14254152.0 1970925.0 16510593.0 1880811.0 829778.0 9697630.0 693554.0 8448996.0 745575.0 310412.0 3428953.0 279153.0 3149609.0 289863.0 8923.0 35797.0 7936.0 59689.0 7810.0 81442.0 907232.0 67332.0 850407.0 69892.0 36451.0 264459.0 34795.0 246879.0 31680.0
2082147.0 14257846.0 1971122.0 15910176.0 1835021.0 831074.0 9688422.0 691474.0 8251455.0 743485.0 310797.0 3428470.0 278003.0 3074080.0 287872.0 8878.0 35998.0 8126.0 57731.0 7818.0 81447.0 907242.0 67148.0 831011.0 69720.0 36627.0 262437.0 34777.0 238545.0 31345.0
2151650.0 14237297.0 2024835.0 16678553.0 1831062.0 838447.0 9688952.0 698510.0 8488174.0 743870.0 314055.0 3427780.0 282078.0 3157245.0 288077.0 8972.0 36279.0 8291.0 60455.0 7479.0 82244.0 906795.0 67836.0 853626.0 69692.0 37112.0 263414.0 35264.0 250048.0 31429.0
2184524.0 14302615.0 2051405.0 15821714.0 1820247.0 852047.0 9693778.0 715635.0 8105684.0 741593.0 322899.0 3430009.0 289867.0 3021864.0 286864.0 9224.0 37204.0 8353.0 57018.0 7622.0 83892.0 907460.0 69621.0 815518.0 69483.0 37238.0 263937.0 35432.0 236729.0 31376.0
2157138.0 14312195.0 1986202.0 17803851.0 1834598.0 837461.0 9703899.0 698339.0 8512030.0 742926.0 313833.0 3430531.0 282299.0 3196756.0 287459.0 9036.0 36790.0 8123.0 63153.0 7631.0 82149.0 907196.0 67962.0 854105.0 69548.0 37091.0 265544.0 34890.0 266506.0 31416.0
2080734.0 14202217.0 1971694.0 16162664.0 1822405.0 831775.0 9696508.0 693727.0 8117896.0 740165.0 310993.0 3429710.0 278769.0 3021673.0 286767.0 8952.0 35028.0 8020.0 57847.0 7457.0 81613.0 906928.0 67311.0 815448.0 69322.0 36649.0 264085.0 34801.0 238063.0 31372.0
2088959.0 14251679.0 2033788.0 16829450.0 1824676.0 828016.0 9685959.0 703231.0 8206944.0 742863.0 309843.0 3425069.0 285047.0 3057796.0 287640.0 9021.0 37207.0 8122.0 60110.0 7544.0 81272.0 906691.0 68424.0 822795.0 69678.0 36498.0 262929.0 35261.0 248815.0 31372.0
2119681.0 14290682.0 1961086.0 16409461.0 1819929.0 834998.0 9694968.0 692112.0 8044834.0 743757.0 312540.0 3429283.0 278629.0 3002577.0 287534.0 9008.0 36472.0 8047.0 59835.0 7573.0 81952.0 907261.0 67204.0 807763.0 69669.0 36880.0 263737.0 34754.0 238918.0 31469.0
2092766.0 14325827.0 1957875.0 16457561.0 1809389.0 832655.0 9697097.0 690892.0 8147781.0 739429.0 311498.0 3429230.0 278172.0 3035868.0 286326.0 8978.0 37525.0 7845.0 61244.0 7595.0 81680.0 907228.0 67126.0 816915.0 69292.0 36771.0 263973.0 34780.0 243442.0 31276.0
2084873.0 14208781.0 1950132.0 17127247.0 1882162.0 829803.0 9679680.0 691675.0 8119742.0 744838.0 310483.0 3425642.0 278219.0 3023835.0 289214.0 8892.0 36503.0 7878.0 62440.0 7874.0 81426.0 906690.0 67143.0 813860.0 69819.0 36585.0 261544.0 34698.0 244143.0 31640.0
2077858.0 14278424.0 2016846.0 16744516.0 1828254.0 829695.0 9696991.0 693561.0 7923384.0 742911.0 310363.0 3429142.0 279920.0 2957440.0 287568.0 8984.0 36183.0 8116.0 60885.0 7468.0 81440.0 907040.0 67368.0 795307.0 69511.0 36609.0 264483.0 34971.0 235503.0 31496.0
2131708.0 14256578.0 2015446.0 16217281.0 1822696.0 833001.0 9700324.0 697946.0 7805785.0 739952.0 311989.0 3429066.0 281726.0 2907104.0 286392.0 9055.0 36388.0 8062.0 58501.0 7418.0 81763.0 907227.0 67805.0 781483.0 69332.0 36844.0 264582.0 35167.0 235589.0 31407.0
2091562.0 14232085.0 1983581.0 15818262.0 1833511.0 829594.0 9687094.0 698149.0 7854954.0 743326.0 310065.0 3426119.0 282158.0 2938973.0 287572.0 8873.0 36393.0 7928.0 56516.0 7802.0 81528.0 906730.0 67957.0 788571.0 69658.0 36528.0 263308.0 34925.0 232420.0 31473.0
2078608.0 14238172.0 1957539.0 16346300.0 1834279.0 830297.0 9688751.0 691451.0 7941971.0 741642.0 310635.0 3425285.0 278347.0 2968268.0 287348.0 8763.0 36510.0 7876.0 60398.0 7610.0 81439.0 906897.0 67101.0 797204.0 69490.0 36610.0 263502.0 34795.0 239295.0 31369.0
2145670.0 14299631.0 1973629.0 15879239.0 1826234.0 838646.0 9699819.0 691740.0 7814185.0 741287.0 314070.0 3430371.0 278374.0 2923981.0 286732.0 9232.0 37140.0 7976.0 59081.0 7578.0 82393.0 907662.0 67260.0 783927.0 69491.0 37241.0 264152.0 34766.0 233633.0 31381.0
2068558.0 14277949.0 2046803.0 16397274.0 1833794.0 828510.0 9700230.0 704947.0 7881065.0 743281.0 309664.0 3429148.0 285193.0 2944271.0 287706.0 8852.0 35449.0 8217.0 59941.0 7524.0 81249.0 907244.0 68616.0 789019.0 69685.0 36560.0 265315.0 35298.0 242225.0 31425.0
2089714.0 14231606.0 2035507.0 15992345.0 1826642.0 828037.0 9686896.0 703048.0 7781298.0 741870.0 309614.0 3426486.0 284818.0 2911541.0 287239.0 8967.0 37260.0 8125.0 61231.0 7660.0 81289.0 907051.0 68419.0 780241.0 69477.0 36541.0 261947.0 35214.0 232677.0 31464.0
2087480.0 14214865.0 1987563.0 15765399.0 1835742.0 831405.0 9692295.0 699356.0 7645470.0 744852.0 310730.0 3425903.0 282539.0 2865229.0 288432.0 8910.0 36230.0 8050.0 57903.0 7637.0 81701.0 906776.0 68102.0 767584.0 69788.0 36602.0 263651.0 34871.0 227599.0 31507.0
2092869.0 14292818.0 1987554.0 16339470.0 1888395.0 831874.0 9690126.0 700454.0 7723298.0 751696.0 310709.0 3428472.0 283289.0 2893208.0 291905.0 9063.0 36482.0 7948.0 59350.0 7830.0 81618.0 907428.0 68110.0 772464.0 70544.0 36630.0 263376.0 35016.0 240286.0 31934.0
2082205.0 14333915.0 2043532.0 15568998.0 1832722.0 831322.0 9705141.0 706479.0 7545505.0 741723.0 310750.0 3428609.0 285781.0 2823507.0 287119.0 8903.0 37664.0 8300.0 59551.0 7724.0 81639.0 907155.0 68696.0 755029.0 69545.0 36631.0 265972.0 35485.0 225320.0 31341.0
2079845.0 14269857.0 1984898.0 15634795.0 1825113.0 827644.0 9693289.0 699225.0 7594547.0 741089.0 309063.0 3428172.0 282214.0 2844109.0 286871.0 8873.0 37326.0 7957.0 61076.0 7602.0 81291.0 907153.0 68081.0 759811.0 69514.0 36507.0 264151.0 34930.0 228273.0 31330.0
2144398.0 14230020.0 1986693.0 15223602.0 1973709.0 836970.0 9693273.0 697876.0 7464325.0 774123.0 313245.0 3425945.0 282080.0 2794069.0 300264.0 9067.0 35669.0 7891.0 57479.0 7948.0 82111.0 906790.0 67921.0 746948.0 74059.0 37028.0 264543.0 34868.0 224458.0 32176.0
2098858.0 14311056.0 1993739.0 15271192.0 1823615.0 831595.0 9702362.0 699192.0 7473554.0 743724.0 310830.0 3430283.0 282982.0 2805290.0 287549.0 9037.0 37287.0 8008.0 58315.0 7521.0 81616.0 907692.0 68046.0 747930.0 69662.0 36587.0 264601.0 34961.0 225335.0 31428.0
2074997.0 14306148.0 2034328.0 15214850.0 1831139.0 829125.0 9701596.0 704432.0 7363222.0 741689.0 310456.0 3430351.0 285356.0 2766305.0 286967.0 8914.0 37589.0 8125.0 57034.0 7675.0 81472.0 907328.0 68500.0 736921.0 69469.0 36454.0 264286.0 35349.0 221675.0 31458.0
2140086.0 14230174.0 1979962.0 14994885.0 1815904.0 836962.0 9699819.0 697051.0 7275134.0 741158.0 313255.0 3430592.0 281808.0 2737103.0 286688.0 9107.0 36049.0 8101.0 56566.0 7618.0 82171.0 907380.0 67902.0 728017.0 69514.0 37195.0 264471.0 34858.0 219455.0 31390.0
2094201.0 14299394.0 1987421.0 15200508.0 1826978.0 833341.0 9706296.0 699985.0 7322104.0 743003.0 311761.0 3430895.0 282745.0 2763738.0 287664.0 9036.0 36547.0 7960.0 56652.0 7419.0 81896.0 907159.0 68122.0 732735.0 69697.0 36667.0 265518.0 34953.0 220997.0 31453.0
2081833.0 14312945.0 1986698.0 14983688.0 1829248.0 830426.0 9705113.0 699580.0 7268295.0 743262.0 310626.0 3430897.0 283081.0 2739246.0 287442.0 8944.0 37493.0 8074.0 57956.0 7662.0 81468.0 907667.0 68125.0 727050.0 69684.0 36631.0 265268.0 34954.0 220772.0 31390.0
2082156.0 14301870.0 1981773.0 14745196.0 1891363.0 827581.0 9728708.0 697950.0 7211178.0 748485.0 309439.0 3445083.0 282338.0 2718812.0 290506.0 8972.0 36410.0 7987.0 56452.0 7801.0 81253.0 910212.0 67914.0 721226.0 70189.0 36521.0 265374.0 34927.0 217294.0 31859.0
2132067.0 14289878.0 2037683.0 15828903.0 1817109.0 834735.0 9732482.0 704455.0 7190404.0 741046.0 312776.0 3447319.0 285103.0 2702320.0 286849.0 8991.0 35954.0 8025.0 57133.0 7642.0 81965.0 910790.0 68580.0 714331.0 69504.0 36813.0 264966.0 35325.0 232574.0 31313.0
2078293.0 14328047.0 1992988.0 15031002.0 1823196.0 830317.0 9726492.0 699366.0 7089630.0 739428.0 310471.0 3446949.0 282609.0 2670534.0 286313.0 8942.0 35641.0 7952.0 56449.0 7475.0 81476.0 910729.0 68067.0 708186.0 69329.0 36563.0 264537.0 34921.0 215312.0 31332.0
2085200.0 14361645.0 1993638.0 15228319.0 1837240.0 830771.0 9720665.0 698934.0 7047249.0 742025.0 310525.0 3446342.0 282689.0 2652055.0 287311.0 9030.0 36866.0 7992.0 56714.0 7623.0 81584.0 910723.0 67956.0 703220.0 69624.0 36647.0 264064.0 34906.0 219559.0 31373.0
2136896.0 14279330.0 1984362.0 14685754.0 1836756.0 836517.0 9720940.0 697790.0 7008903.0 743838.0 313191.0 3442540.0 282073.0 2643042.0 287772.0 9231.0 36022.0 8017.0 56780.0 7596.0 82175.0 909758.0 67942.0 701002.0 69701.0 37095.0 264664.0 34892.0 213426.0 31585.0
2092769.0 14319659.0 2034987.0 15496631.0 1868122.0 830973.0 9714297.0 703814.0 7021353.0 746693.0 311034.0 3444526.0 285233.0 2658128.0 289757.0 9033.0 37663.0 8283.0 57959.0 7908.0 81584.0 910685.0 68497.0 701664.0 70122.0 36537.0 262108.0 35355.0 216196.0 31830.0
2088293.0 14352767.0 1981817.0 15102392.0 1819248.0 830016.0 9720004.0 697853.0 6927342.0 742725.0 310786.0 3445781.0 282321.0 2612019.0 287592.0 8968.0 36728.0 7893.0 57396.0 7493.0 81477.0 910381.0 67958.0 690666.0 69638.0 36572.0 263967.0 34943.0 214570.0 31408.0
2087558.0 14320642.0 1976648.0 14493859.0 1824096.0 830715.0 9725341.0 698048.0 6845771.0 741260.0 310332.0 3445073.0 282104.0 2581435.0 287172.0 9077.0 36808.0 8050.0 55950.0 7560.0 81457.0 910317.0 67902.0 683044.0 69558.0 36642.0 264647.0 34936.0 210435.0 31398.0
2143985.0 14401846.0 2072033.0 14501623.0 1829928.0 837014.0 9727482.0 712809.0 6870187.0 742335.0 314023.0 3446172.0 288588.0 2601307.0 287188.0 9061.0 37638.0 8250.0 56476.0 7634.0 82211.0 910921.0 69560.0 685014.0 69505.0 37026.0 265062.0 35617.0 212279.0 31481.0
